10
tourism=information
100
52925
14587
42049
29082
25583
2769
27193
42205
30405
4303
28189
53074
3305
4916
34303
4561
28289
22174
14288
31298
21925
36714
2494
41283
26822
49886
16374
29473
53329
4586
4604
30090
53086
37693
2451
36178
2213
24962
38902
28204
2961
21206
18371
43897
1627
33205
40025
35744
48684
6976
51174
32084
25373
8028
19054
32228
5745
5364
23008
50349
23591
4395
36480
50238
50513
4408
32306
7887
48029
10670
29098
19340
49674
10832
46964
40509
26683
43726
39377
15773
43856
19669
26155
40537
30562
21113
29263
20688
28140
49065
31153
31070
51386
32492
19465
37459
8531
12001
48683
14637
tourism=hotel
101
53147
13278
47462
16012
26663
35795
49107
6828
12857
33476
17709
29419
13199
43500
48041
32633
38095
27430
11300
6254
1259
12265
31743
13950
6571
37229
26939
2478
31272
43047
38437
1647
45079
35784
5042
41935
42214
5699
4676
30866
10659
26960
5557
3236
10236
6145
21850
9284
27375
14222
26785
40270
9874
39116
35899
45151
8881
14723
44077
33792
52691
40899
32321
9214
28918
9688
16468
27866
27691
53046
46562
33483
20880
447
2105
31494
6229
42335
27093
19768
27567
27410
32870
899
42529
32875
23329
45561
4658
53124
15656
24497
30561
21321
3480
17015
38758
24004
51613
12178
30736
tourism=attraction
106
35225
3295
41920
27772
41230
26488
27768
20318
26432
48495
45026
1490
36001
18701
51739
10974
31352
30732
23990
41287
42184
38464
52453
26662
52894
39185
31860
30307
27977
27047
5352
20796
33348
45473
28663
12603
41341
35125
26956
52269
22542
34102
11344
36537
8229
33626
44982
37792
27203
47276
20337
19683
28769
19413
51380
28762
1193
49221
7225
41208
5677
41118
2898
38525
12937
47345
17275
27003
9006
12706
14502
5037
14596
5890
31132
44011
41027
49310
20909
9888
11676
41752
42429
53528
32642
53403
44785
41872
1872
37847
8595
46919
20450
53264
34556
48509
18853
22542
9894
15038
49625
5347
27509
43840
11613
32086
tourism=viewpoint
101
53407
11950
26118
29546
27784
48884
10456
31907
22024
2219
33790
5808
23072
28232
1273
33975
21067
39639
35084
41663
41120
14663
718
40286
40034
31359
17735
8990
43087
962
52291
33590
10088
33816
27650
47659
28479
33206
4190
40571
18441
5973
53311
23062
45704
32590
30452
36581
6153
48284
9276
21495
28146
43343
32775
4292
45777
30801
11493
50974
1305
50502
28205
2021
14348
21871
455
41165
27396
8137
30173
27722
45693
50634
44475
2694
5745
40941
34914
23719
31272
28349
32784
8013
27480
37868
10548
16851
41671
30331
53605
10894
43682
3238
7502
23172
42107
2329
27650
36546
47463
tourism=guest_house
101
53538
27559
16635
53192
53384
7026
4128
45530
225
24716
1212
706
38944
1014
26061
10764
24459
51972
39274
24333
22288
13042
41382
18048
37733
52392
7914
12611
2410
49310
7931
24043
42198
27877
12916
29598
7800
1934
7793
29456
46473
47329
39702
3995
13921
17193
10243
5117
5298
27248
1912
20197
42886
676
4410
44749
39712
3268
18978
9314
15947
1108
18592
50875
48750
734
29144
43424
29119
26222
19644
30357
18805
31415
29799
6377
39863
51723
1584
4816
45767
27784
13552
4049
43486
33718
845
16767
3015
14373
48129
31162
16208
27047
44099
42864
14206
36585
41706
46747
33239
tourism=picnic_site
101
26
22223
1711
27398
34630
27026
52721
29425
4108
30210
30250
28765
21176
5989
29839
33238
36153
20763
28239
35530
30532
45717
32788
5350
50242
2924
51875
15482
7370
37921
33049
2213
7070
46390
47561
29287
30570
15132
41122
31474
27682
30499
7377
44190
49256
31306
33158
24649
2910
42823
15578
6386
31368
14846
4974
48367
29514
34972
48075
38758
43719
49217
7102
40017
29856
49898
28987
32687
12736
1262
27009
297
27462
27018
41344
48655
20599
5015
5062
50628
9015
23622
48063
2521
15030
34009
26934
52314
2584
28432
38496
35052
38944
19390
53564
40733
47238
24579
33261
33261
16614
tourism=artwork
101
26871
18013
4516
14793
53297
49722
28392
51451
27195
47004
26642
3110
28311
9947
11636
29948
4111
3707
12963
16510
42824
30212
5939
3150
40022
6255
11804
17801
44993
35621
6098
18478
13929
14070
20358
30262
20904
47106
26185
25393
34088
44162
43346
48080
42618
9108
31177
19957
862
189
46527
23460
29009
18303
52414
44534
14842
4060
29702
609
37674
44836
25043
4561
14975
46405
28980
37650
39898
9313
46369
18986
27606
50482
30233
7210
19885
29558
49323
3938
14638
48347
47475
35934
27033
27564
39802
5689
2219
25292
24193
38073
22319
39997
27537
32336
5327
2650
53574
50690
37923
tourism=camp_site
101
238
21983
24933
591
39581
15988
28498
32063
5685
3203
20635
31669
29169
43521
14670
1890
48928
47081
47679
33703
13792
63
43834
22077
7287
16302
39036
21459
51650
31649
28362
38534
40961
586
8232
36386
31069
10215
39233
25995
6867
6182
36059
1009
15935
28147
23879
27665
8799
18804
15442
45344
31885
1380
15095
26884
1325
8495
1664
8302
12195
6257
32191
28070
12305
2485
33143
34730
29117
49882
2657
43391
23755
17819
7598
16614
18717
14391
6804
15935
28177
33531
46569
4684
20607
32278
836
48596
12796
35125
11335
27521
32451
2818
28927
7104
29219
33505
4331
34831
51419
tourism=museum
103
28445
1144
27083
5578
18558
30413
43885
5079
20389
45901
53110
22011
16247
6214
42368
31399
29319
13494
39998
30503
34922
858
17327
16851
26656
2313
4706
35895
7388
34158
46400
6255
16931
1823
52037
19409
31456
3762
31876
40707
40980
25642
15882
5724
609
1495
31774
25293
10112
10697
45674
44731
10631
6552
33214
29448
20165
29244
1763
44459
31676
29821
50043
32086
52563
43352
42263
36222
21936
43548
5533
27090
23180
2339
21039
23494
9647
32527
13594
51241
34884
49656
49022
46447
14845
53574
33562
4734
4734
45846
27855
39740
32132
20068
26432
28932
25805
30770
19638
19782
27557
17641
20859
tourism=*
105
18083
42099
24107
14820
396
39184
5985
42639
12643
31721
6096
38021
12749
32397
39255
34154
11838
52520
27006
21180
28590
32487
21448
5950
7419
37200
8323
34067
36307
50658
42932
53384
6898
24952
53413
32820
39557
6611
42461
3422
17473
1798
3912
21802
1363
29757
12874
38164
17810
20383
18146
15697
11232
52114
33143
48697
45027
25831
9281
33534
30054
16264
12489
26335
7204
49987
4974
28604
5309
1347
6208
28961
19951
6224
29377
4976
32605
29782
8054
17449
52311
45897
914
21840
3930
396
84
29666
30885
52992
19843
30641
11951
45979
41001
761
11835
49359
5645
50323
13591
26402
16329
11867
2444